"x"
9.49150166066055
3.36325971738237
-0.437585686049885
4.8665381602765
-5.60948276587131
-1.59761147725093
4.07488934821987
12.0046713320868
2.11574152500403
5.59469513825564
-5.55505722874217
-1.39905757001054
0.87934386347055
3.1150468495669
1.73779936529478
2.61963034231678
-3.27309158895708
2.01418361347551
3.84137451060606
4.74445725659455
1.8030439044359
11.2644217625526
-6.74577207360522
-1.67317410215132
-4.81737477684139
-6.75209689131388
-1.72828325442044
-6.44812972847889
11.8179142328231
-7.2491025134355
-2.79054168609009
1.85770994960298
1.01623187421603
-3.49049291931837
-6.30140959919084
15.8912851748785
