          GCA       GCC       GCG       GCT
GCA  8.030497 -4.755750 -1.195015 -5.045337
GCC -4.242396  9.927174  2.830749 -1.852413
GCG -1.140977  1.230646 13.463244 -4.356287
GCT -5.335489 -0.723008 -5.175958  7.796374
           CGA       CGC        CGG       CGT       AGA       AGG
CGA  9.4915017  3.363260 -0.4375857  4.866538 -5.609483 -1.597611
CGC  4.0748893 12.004671  2.1157415  5.594695 -5.555057 -1.399058
CGG  0.8793439  3.115047  1.7377994  2.619630 -3.273092  2.014184
CGT  3.8413745  4.744457  1.8030439 11.264422 -6.745772 -1.673174
AGA -4.8173748 -6.752097 -1.7282833 -6.448130 11.817914 -7.249103
AGG -2.7905417  1.857710  1.0162319 -3.490493 -6.301410 15.891285
           GGT        GGG        GGC        GGA
GGT  16.884890 -3.5417312 -3.3789953 -13.615157
GGG  -5.114755 13.5749148  0.3732991  -1.570492
GGC  -5.031768  0.8047878 18.9240310  -1.716606
GGA -12.191381 -3.3536572 -3.1372416  14.849402
            ATT        ATC        ATA
ATT  17.3609992  0.5584955 -15.459355
ATC   0.9609355 17.6254601  -7.148191
ATA -15.6262417 -6.8071781  16.797036
           CTT         TTG        CTG        CTC        TTA       CTA
CTT  13.875487   2.7527420   3.434174   5.775612 -10.061460  2.187733
TTG   2.826324  20.7702672   9.483191   1.714910 -12.194763 -3.444851
CTG   1.216783   7.8603608  10.508622   4.662740  -7.798590  2.194070
CTC   4.468801  -0.2916624   7.646886  13.317961  -9.832058 11.354623
TTA -10.435391 -11.6510768 -10.311107 -10.423178  20.304161 -7.178243
CTA   4.889027  -2.9839519   2.714167  10.247167  -8.458955 14.297259
           AGT         TCT        TCG       AGC         TCC        TCA
AGT  42.240352 -17.1243449 -5.9444211  1.247617 -11.2612530 -21.683082
TCT -19.125228  15.4231448  1.4607991 -8.595845   4.9920424   7.240245
TCG  -5.433197   0.3708675  8.4593051  1.296984   0.5963110   1.089890
AGC   1.208325  -8.1299023  2.2273264 22.072726   0.8401594  -5.788317
TCC -12.850140   1.7911482  1.7919913  1.664270   8.9958592   5.920990
TCA -19.319892   7.2290188 -0.4689372 -5.575961   2.1168754  16.165449
          CCT        CCG       CCC       CCA
CCT  8.147606 -0.7925936 -3.618705 -5.543848
CCG -1.544959  7.9132605  3.633976 -2.875488
CCC -4.130336  4.4911974 14.553519 -4.665767
CCA -5.026588 -4.0066470 -4.877029  8.723636
          ACT        ACG       ACC       ACA
ACT 13.388790 -2.3822285  1.438628 -9.380779
ACG -1.511719 13.5462579 -1.444781 -3.970371
ACC -4.264769  0.7327084 12.215613 -3.150459
ACA -6.944104 -4.4264566 -6.265059 10.779127
           GTT       GTG       GTC       GTA
GTT  9.8444876 -8.848072  0.788756 -4.854782
GTG -8.5229550 25.401257 -1.298735 -5.343280
GTC -0.6139313  2.944119 11.752338 -5.689582
GTA -4.4052633 -6.824510 -4.682572 10.355354
