"x"
8.88905778486046
-3.35416491245567
3.25643909268007
-5.73747201512375
8.86965125592057
5.32213234592515
-5.09653295623887
7.4062114297073
-3.02515906535764
0.219831925248004
-8.32539181118633
-5.1808667002713
6.08038321837735
-2.38188565275407
11.5861345744363
-8.02660213320902
4.04972026323607
3.37871483616744
-6.02023175016265
-0.636686259001135
-6.39192582731295
10.8166855393066
-8.51682141124254
-5.74634229063842
11.6711612151808
-9.15698223068991
2.75069106261834
-8.23351670968807
26.5980643698239
15.5806739809341
4.24996937002985
-5.07902080867494
6.08557302734045
-6.60750914249789
14.9960705923343
11.1961064095707
