          GCA        GCC       GCG       GCT
GCA  6.227908 -4.1219393 -5.173166  5.815179
GCC -4.554145 11.4987310 -4.058055 -3.649051
GCG -2.000781 -7.3253387 12.576143 -6.566522
GCT  1.686845  0.5711332 -7.015892  7.729502
          CGA        CGC       CGG        CGT       AGA       AGG
CGA  8.889058 -3.3541649  3.256439 -5.7374720  8.869651  5.322132
CGC -5.096533  7.4062114 -3.025159  0.2198319 -8.325392 -5.180867
CGG  6.080383 -2.3818857 11.586135 -8.0266021  4.049720  3.378715
CGT -6.020232 -0.6366863 -6.391926 10.8166855 -8.516821 -5.746342
AGA 11.671161 -9.1569822  2.750691 -8.2335167 26.598064 15.580674
AGG  4.249969 -5.0790208  6.085573 -6.6075091 14.996071 11.196106
          GGT       GGG       GGC       GGA
GGT  9.072870 -5.132934 -2.576290 -4.712639
GGG -7.105643  9.767881 -2.322499  5.348760
GGC -1.407405 -3.938582  7.024672 -5.850814
GGA -4.573952  5.044688 -5.802764 13.329641
           ATT        ATC         ATA
ATT  6.2874012  -6.423837  -0.6028537
ATC -6.5598831  11.446104 -10.1925172
ATA -0.3035016 -10.419964  26.6142363
           CTT       TTG         CTG        CTC         TTA        CTA
CTT  7.5698754  1.723559 -10.3170881  2.0225630   7.4795110  4.3223557
TTG  0.1753675  6.191028  -4.4488057 -1.6171744   2.9583831  1.4697472
CTG -9.7355884 -5.667948  18.5542673 -0.7610982 -14.8565607 -5.5547139
CTC  2.7119814 -3.036479  -0.4103968  2.0446249  -0.1057174 -0.6328735
TTA  7.6533753  4.519307 -14.5444580 -0.7388865  15.7307860  3.3476462
CTA  3.2900525  2.652771  -7.4836846  0.2991095   6.1558870  5.2045191
           AGT       TCT        TCG       AGC        TCC        TCA
AGT  6.5992271 -3.975177 -0.3998228  1.312086 -5.9976977  2.1556333
TCT -4.9808319 12.238696 -3.6588538 -8.404651  6.0806681  2.1901269
TCG -0.6832950 -3.914307  8.4329646 -3.100344 -0.6266845  0.8108677
AGC -0.1429446 -6.037711  0.7296768  8.464506 -1.1401926 -5.3918796
TCC -2.7226711  2.940395 -4.7227595  3.068287  4.6903455 -4.6403552
TCA  2.1297516  1.202699 -0.9063962 -4.700833 -2.7937703  7.5282245
          CCT       CCG        CCC        CCA
CCT  5.722465 -8.089708  5.3640584  3.8228977
CCG -7.938537 12.822237 -9.2996290 -4.5358942
CCC  5.693700 -8.959927 11.6506474  0.3551104
CCA  3.079913 -4.326258  0.9021876  3.5516460
          ACT       ACG         ACC        ACA
ACT  6.147101 -5.008649  -0.2039428  0.6608136
ACG -4.884606  7.010965  -3.4336204  1.5967824
ACC -1.892610 -3.557940   9.3114324 -8.9579482
ACA  3.465975  2.004538 -10.9318934 13.2485653
          GTT        GTG        GTC        GTA
GTT  9.482301 -10.513385 -0.2768407  4.1835449
GTG -9.082816  12.668026 -1.9379895 -5.1459289
GTC -1.619564  -1.478001  4.2267143 -0.6750407
GTA  3.559639  -3.818460 -1.7003643  3.3217434
