          GCA       GCC       GCG       GCT
GCA 12.966507 -6.752899  5.647001 -9.676201
GCC -7.083605  6.929323 -1.388889  1.744967
GCG  5.017837 -1.104886  6.003111 -7.031412
GCT -9.068723  1.288416 -7.392905 11.542301
          CGA       CGC       CGG         CGT       AGA        AGG
CGA  9.523866  4.327236  7.408726 -3.58604619 -6.950761  1.9630523
CGC  1.817075  8.794587 10.517781  4.74266577 -9.466498 -0.4496330
CGG  4.366204  5.195007  8.510491 -0.09643929 -7.543299  2.0806193
CGT -1.154722  2.839135 -3.869022 13.90414954 -2.120464 -7.4545077
AGA -7.597045 -8.877755 -8.446228 -4.01099321 12.814130 -0.9432047
AGG  3.591411  1.147248  1.838336 -6.01150455 -2.952221  5.6490015
          GGT       GGG        GGC        GGA
GGT  27.45761 -9.596101 -12.287070 -17.783740
GGG -11.10786  5.778321   3.763175   7.706278
GGC -11.26375  3.911547   8.090996   5.077425
GGA -17.55171  5.432908   6.578359  13.966194
          ATT         ATC       ATA
ATT  6.975577  -0.2326342 -8.267845
ATC -1.160042  11.0730861 -9.223315
ATA -7.343288 -10.3499600 19.107157
           CTT       TTG        CTG       CTC       TTA       CTA
CTT 10.1793646 -5.509451 -3.7727338  5.255013 -0.249686 -1.978442
TTG -8.2958037 16.779058 -2.9125941 -7.771182 -2.117099 -4.329251
CTG  0.5828204 -3.832855 10.3159901  3.681253 -5.813069  1.171580
CTC  4.6864638 -5.142090  4.3281929 13.199757 -5.788001 -1.853139
TTA -1.2536761 -4.838874 -3.5376542 -3.571355  7.890244  2.598741
CTA -0.2554961 -4.199763  0.5331677 -1.253584  1.391990  4.497614
          AGT       TCT        TCG        AGC        TCC         TCA
AGT 11.679264 -7.339023 -2.9791736  10.481564 -6.1623288 -2.42675239
TCT -9.976569 12.478865 -2.8612576 -10.906217  5.8427421 -0.04574382
TCG -3.340261 -4.773539  7.0105643   2.239072  0.5141227  1.33664731
AGC 10.630244 -6.975500  0.4321586  15.084473 -6.3190024 -7.42600616
TCC -3.888760  5.823564 -2.0000297  -5.396875  7.9669174 -4.58815453
TCA -1.290582 -3.938442  2.3798181  -4.925024 -3.6931306 10.63469249
          CCT       CCG        CCC       CCA
CCT  3.557695 -1.668929  0.3930912 -2.448070
CCG  0.275558  4.594243  5.1398100 -6.089304
CCC  1.755132  2.983916  7.3762265 -7.934129
CCA -4.472733 -3.030473 -7.9874176 11.060460
          ACT       ACG       ACC       ACA
ACT  6.333812 -6.366012  5.451118 -6.821410
ACG -5.295909  6.415491 -4.718574  5.144384
ACC  3.465734 -4.489362  7.893681 -7.189206
ACA -5.881417  6.072373 -9.103706  9.644903
          GTT       GTG       GTC       GTA
GTT  9.268730 -7.548985  1.750828 -6.438334
GTG -7.829637  9.937104 -3.821544  4.550267
GTC  2.494235 -4.003145  8.428472 -7.624203
GTA -6.846414  4.313399 -6.788997 11.419501
