"x"
9.52386560164462
4.32723602220977
7.40872615453589
-3.58604618852398
-6.95076091692629
1.96305226689668
1.81707463495991
8.79458685072873
10.5177814290179
4.7426657666907
-9.46649834168138
-0.449633014372264
4.36620378993961
5.19500658704708
8.51049075219037
-0.0964392883308468
-7.54329904293537
2.08061929837557
-1.15472244635714
2.83913497244176
-3.86902159148172
13.9041495380953
-2.12046353817307
-7.45450770582877
-7.59704478637002
-8.87775495516268
-8.44622807081712
-4.01099320775023
12.8141301751598
-0.943204684610606
3.5914108705222
1.14724810723249
1.83833636545983
-6.01150455272844
-2.95222139261933
5.6490015158468
