"x"
5.31002332996738
2.06464837124687
2.01282414055056
1.69199345110424
1.25790927632104
-3.40980605478896
1.01069222476586
4.12048201136719
-0.219755412970018
2.06974807339115
0.00552437840475719
-1.68742428551823
2.27562318391114
0.719122133891606
3.23301599655564
5.88133826256361
-0.728270670244429
-1.61010029351623
2.15819641269022
3.17554380774129
5.67840605669826
5.70884028585922
-0.543352815085124
-2.87753738770429
-0.129292305322234
-0.621541603637582
0.0793208401821937
-0.187279134235007
0.570932509181503
-0.265236391853306
-2.06521168958803
-1.74828995777145
-1.98539745832579
-2.855201867559
-0.541241730870422
2.52129033167492
