           GCA       GCC        GCG        GCT
GCA  1.6132728 -1.017963 -1.1995393  0.4691658
GCC -2.1219338  4.369878 -1.7780868 -0.5440743
GCG  0.1660143 -1.924975  4.1345069 -2.0288871
GCT  0.3151733 -1.532781 -0.7826111  1.8998776
           CGA        CGC         CGG        CGT          AGA        AGG
CGA  5.3100233  2.0646484  2.01282414  1.6919935  1.257909276 -3.4098061
CGC  1.0106922  4.1204820 -0.21975541  2.0697481  0.005524378 -1.6874243
CGG  2.2756232  0.7191221  3.23301600  5.8813383 -0.728270670 -1.6101003
CGT  2.1581964  3.1755438  5.67840606  5.7088403 -0.543352815 -2.8775374
AGA -0.1292923 -0.6215416  0.07932084 -0.1872791  0.570932509 -0.2652364
AGG -2.0652117 -1.7482900 -1.98539746 -2.8552019 -0.541241731  2.5212903
           GGT        GGG       GGC        GGA
GGT  2.0931826 -0.1448020 -1.327140 -0.3021273
GGG -0.8152032  0.6566345  1.308002 -1.0458161
GGC -1.4029089 -0.6795632  2.632114 -0.6424575
GGA  0.3015910  0.1552949 -2.314681  1.6298204
           ATT       ATC        ATA
ATT  2.8222182 -3.550373  0.3419425
ATC -0.9774232  2.327412 -1.1697632
ATA -2.1401430  1.657845  0.7499315
           CTT       TTG        CTG        CTC       TTA        CTA
CTT -0.4759042  1.971250 -0.3900262 -0.4680391  1.320417 -1.3657237
TTG -1.7643278  4.055505  0.7364225 -4.7042894  3.623044  2.8593912
CTG  1.3379205 -3.714598  4.1436759  0.4961718 -4.913421 -2.5664970
CTC  1.2896873 -3.452141 -1.6226486  5.7725429 -6.223068 -0.1451337
TTA -0.2535058  3.872826 -4.4383132 -4.9125222 12.663531  2.5704706
CTA -1.9412982  1.721536 -1.2261546 -0.6202020  3.483085  2.2388913
           AGT       TCT        TCG        AGC         TCC        TCA
AGT  4.5876653  1.558574 -0.3861512 -0.6346950 -3.83979747  0.5982020
TCT -0.9411391  3.326118  0.2647947 -2.6839609  0.05364014  1.3985712
TCG  0.7011291 -1.607674  0.4179666  0.3770716  0.14539322 -0.1915177
AGC -0.9780690 -3.845239 -0.5273407  5.5911777 -1.16867303 -2.1878956
TCC -4.2276906  0.618940  0.1191205 -2.3371106  3.66490137  1.9481402
TCA  2.6180581  2.342383  0.3084144 -2.9897799  0.46474506 -0.3163314
          CCT        CCG         CCC       CCA
CCT  2.242542 -0.7282991 -1.61576449  0.576200
CCG -1.063359  2.7710791 -0.06525664 -2.067917
CCC -1.711559 -0.3118154  3.11437728 -1.623007
CCA  1.062970 -2.0808510 -1.99196600  3.685582
           ACT        ACG        ACC        ACA
ACT  0.5640751 -0.3168759 -0.9711859  0.8967653
ACG -0.3233325  2.7612222 -1.1521328 -1.4428272
ACC -1.2641075 -0.7540506  2.3128315 -0.5610106
ACA  1.2210148 -1.8857081 -0.3886033  1.3662363
           GTT         GTG        GTC        GTA
GTT  0.1034122 -1.10526228  1.7457133 -0.7190026
GTG -0.1929308  2.84958346 -3.2707687  0.2358011
GTC -0.3047360  0.02974872  0.7740797 -0.4010970
GTA  0.4506378 -2.07123669  0.5090055  1.4998255
