           GCA        GCC        GCG       GCT
GCA  3.9221698 -0.4426059 -3.8894553 -1.693334
GCC -0.4276115  2.3999173  0.7916874 -1.926254
GCG -4.3967580  2.2350732  7.3348840 -0.941999
GCT -1.4334234 -2.6814271 -0.3107971  3.911753
           CGA        CGC       CGG        CGT        AGA       AGG
CGA  6.8881577  0.6779461  9.714695  3.4052151  0.2097756 -4.547927
CGC  4.2977877  9.0665593  4.048519  3.0225872 -7.7388645  4.380259
CGG  1.5984950  6.0604857  4.081763  0.5521265 -1.3106914 -1.113139
CGT  2.4537289  8.1148833  4.629961  9.0673140 -2.7827622 -2.160345
AGA  0.7584693 -5.1323503 -3.111090 -4.1457853  7.3045087 -5.208988
AGG -4.2961703  0.7052878 -1.409424  1.0865769 -5.1353910  6.609414
           GGT         GGG        GGC        GGA
GGT 10.7663380 -3.03155053 -2.8613243 -3.1671865
GGG -0.9168413  1.07202281  0.8398491 -0.5253856
GGC  1.3385608  2.27054577  3.3166713 -3.7378738
GGA -6.4817215  0.06703018 -0.3730981  4.3346161
          ATT         ATC       ATA
ATT  5.425886 -6.15437880 -1.152107
ATC -1.123682  9.39929008 -4.544639
ATA -4.243744 -0.01229637  3.899313
           CTT        TTG        CTG        CTC        TTA        CTA
CTT  1.3321629  0.6049123 -1.5330488  0.9487874  2.3534294 -4.4010475
TTG -0.1139825  6.1141165  1.1348959 -5.5334768  1.6626067 -2.3471712
CTG -0.4467621 -0.2531845  1.1929546  0.2189727 -0.9852122  0.7392785
CTC -2.6079841 -3.2296775  2.5046430  9.6316443 -5.4588568  0.3949540
TTA  1.9643924 -0.8627911 -0.3622706 -5.4379833  3.2013500  0.7347399
CTA -0.6173063 -1.8815095 -2.1096592 -0.1321277 -1.5029511  5.5239414
           AGT        TCT        TCG        AGC       TCC        TCA
AGT  2.4640163 -2.5723147 -0.9233090  3.0555978 -2.941719 -0.4634120
TCT -1.3898961  5.2210674  1.3064872 -6.4826334  4.076777 -0.5998369
TCG -0.8364466  1.0724441  1.1765367  0.2806767  1.020543 -1.8360752
AGC  2.2168099 -5.9186481 -0.7980175  3.6721729 -1.910037  1.4082028
TCC -3.6402449  3.1101407  1.7314829 -1.8378076  2.776070 -0.3873588
TCA -0.1987539  0.8487765 -1.3904463  0.5116899 -1.554986  0.7883233
           CCT       CCG        CCC       CCA
CCT  2.3902243 -1.761163  0.1082023 -1.125707
CCG  2.2615096 13.798043 -2.7994547 -5.203020
CCC -0.4736419 -1.840205  3.2377509 -1.118640
CCA -2.3834491 -2.905498 -1.1789696  3.931452
           ACT       ACG       ACC        ACA
ACT  0.7654045 -1.167563 -1.258815  0.8958136
ACG -0.6566238  7.096285 -1.003013 -3.0114838
ACC -2.5670939  1.183212  4.376889 -1.3330282
ACA  1.5083810 -4.062871 -1.239201  1.9956655
           GTT        GTG        GTC        GTA
GTT  0.8514204 -0.8166212 -1.2478556  0.5502642
GTG -1.6182577  2.2836908  0.1194959  0.1676430
GTC -0.9620445 -0.0280819  2.8461641 -0.8213487
GTA  1.0167511 -0.8082482 -0.5541398 -0.2543038
