"x"
6.8881577173524
0.677946091600464
9.7146945543124
3.40521507882091
0.209775552136409
-4.54792741080958
4.2977876766237
9.06655928519146
4.04851864864297
3.02258721506711
-7.73886445719576
4.38025858766079
1.59849500505295
6.06048566211738
4.0817628298017
0.552126459928286
-1.31069138102525
-1.11313850477394
2.45372894767698
8.11488327735148
4.6299610818062
9.06731395405414
-2.78276223145605
-2.16034485346781
0.758469258123005
-5.13235026987229
-3.11109011577204
-4.14578534015935
7.30450865574655
-5.20898826329581
-4.29617025766605
0.705287764801379
-1.40942425337826
1.08657691492525
-5.13539102815222
6.60941364502701
